0	2	2	2	2	2	2	2	2	2	2	2	2	2	2	2	2	2	3	4	6	6	6	9	10	8	8	8	11	11	12	13	14	14	14	14	14	14	13	13	13	13	13	13	13	13	16	16	16	16	16	16	16	16	16	16	16	16	16	16	15	14	4	3	
0	2	1	1	1	1	1	1	1	1	1	1	1	1	1	1	1	1	2	3	4	4	5	11	10	10	11	12	13	12	12	12	12	12	12	12	12	13	13	13	13	13	13	13	13	13	15	14	14	14	14	15	14	14	15	15	15	14	14	14	14	15	4	3	
0	2	1	1	1	1	1	1	1	1	1	1	1	1	1	1	1	1	2	4	5	6	7	12	9	9	10	11	12	12	12	12	12	12	12	12	12	12	12	12	12	12	12	12	12	12	14	14	14	14	14	16	16	16	16	16	16	16	16	16	15	16	4	3	
0	2	1	1	1	1	1	1	1	1	1	1	1	1	1	1	1	1	2	5	7	8	9	14	11	11	12	13	14	14	14	14	14	14	14	14	14	14	14	14	14	14	14	14	14	14	16	15	15	15	15	18	18	18	18	18	18	18	18	17	16	16	4	3	
0	2	1	1	1	1	1	1	1	1	1	1	1	1	1	1	2	3	5	10	12	12	12	15	9	8	7	6	5	5	5	5	5	5	5	5	5	5	5	5	5	5	6	7	8	9	13	13	14	15	16	20	20	20	20	20	20	20	19	18	16	16	4	3	
0	2	1	1	1	1	1	1	1	1	1	1	1	1	1	2	3	4	7	11	13	12	12	16	8	9	8	7	4	4	4	4	4	4	4	4	4	4	4	4	4	5	6	7	8	9	13	14	15	16	17	22	21	21	21	21	21	20	19	18	16	16	4	3	
0	2	1	1	1	1	1	1	1	1	1	1	1	1	2	3	4	5	9	14	15	14	14	17	7	9	8	7	3	3	3	3	3	3	3	3	3	3	3	3	3	3	3	3	3	3	6	7	8	9	10	18	18	19	20	21	21	20	19	18	16	16	4	3	
0	2	1	1	1	1	1	1	1	1	1	1	1	1	2	3	4	5	10	15	15	15	15	17	6	9	8	7	2	2	2	2	2	2	2	2	2	2	2	2	2	2	2	2	2	2	5	6	7	8	9	18	18	19	20	21	21	20	19	18	16	16	4	3	
0	2	1	1	1	1	1	1	1	1	1	1	1	1	2	3	4	5	10	16	16	16	16	17	5	9	8	7	1	1	1	1	1	1	1	1	1	1	1	1	1	1	1	1	1	1	4	5	6	7	8	18	18	19	20	21	21	20	19	18	16	16	4	3	
0	2	1	1	1	1	1	1	1	1	1	1	1	1	2	3	4	5	11	17	17	18	19	20	8	14	13	12	4	4	3	2	1	1	1	1	1	1	1	1	1	1	1	1	1	1	3	4	5	6	7	18	18	19	20	21	21	20	19	18	16	16	4	3	
0	2	1	1	1	1	1	1	1	1	1	1	1	2	3	4	5	6	13	18	18	19	20	20	8	15	13	13	4	4	3	2	1	1	1	1	1	1	1	1	1	1	1	1	1	1	2	3	4	5	6	18	18	19	20	21	21	20	19	18	16	16	4	3	
0	2	1	1	1	1	1	1	1	1	1	1	1	2	3	4	5	6	13	17	18	19	20	20	8	16	14	14	4	4	3	2	1	1	1	1	1	1	1	1	1	1	1	1	1	1	2	3	4	5	6	18	18	19	20	21	21	20	19	18	16	16	4	3	
0	2	1	1	1	1	1	1	1	1	1	1	1	2	3	4	5	6	13	18	18	19	20	20	8	17	15	15	4	4	3	2	1	1	1	1	1	1	1	1	1	1	1	1	1	1	2	3	4	5	6	18	18	19	20	21	21	20	19	18	16	16	4	3	
0	2	1	1	1	1	1	1	1	1	1	1	1	1	2	3	4	5	11	18	17	18	19	20	8	18	16	16	4	4	3	2	1	1	1	1	1	1	1	1	1	1	1	1	1	1	2	3	4	5	6	18	18	19	20	21	21	20	19	18	16	16	4	3	
0	2	1	1	1	1	1	1	1	1	1	1	1	1	2	3	4	5	10	18	17	18	19	20	8	18	16	16	4	4	3	2	1	1	1	1	1	1	1	1	1	1	1	1	1	1	2	3	4	5	6	18	18	19	20	21	21	20	19	18	16	16	4	3	
0	2	1	1	1	1	1	1	1	1	1	1	1	1	2	3	4	5	9	18	17	18	19	20	8	18	16	16	4	4	3	2	1	1	1	1	1	1	1	1	1	1	1	1	1	1	2	3	4	5	6	18	18	19	20	21	21	20	19	18	16	16	4	3	
0	2	1	1	1	1	1	1	1	1	1	1	1	1	2	3	4	5	8	18	17	18	19	20	9	18	15	15	4	4	3	2	1	1	1	1	1	1	1	1	1	1	1	1	1	1	2	3	4	5	6	18	18	19	20	21	21	20	19	18	16	16	4	3	
0	2	1	1	1	1	1	1	1	1	1	1	1	1	2	3	4	5	7	18	17	18	19	20	10	18	14	14	4	4	3	2	1	1	1	1	1	1	1	1	1	1	1	1	1	1	2	3	4	5	7	18	18	19	20	21	21	20	19	18	16	16	4	3	
0	2	1	1	1	1	1	1	1	1	1	1	1	1	2	3	4	5	7	18	17	18	19	20	11	18	14	14	5	5	4	3	2	2	2	2	2	2	2	2	2	2	2	2	2	2	3	4	5	6	8	18	18	19	20	21	21	20	19	18	16	16	4	3	
0	2	1	1	1	1	1	1	1	1	1	1	1	1	2	3	4	5	7	18	17	18	19	20	12	18	14	14	6	6	5	4	3	3	3	3	3	3	3	3	3	3	3	3	3	3	4	5	6	7	9	18	18	19	20	21	21	20	19	18	16	16	4	3	
0	2	1	1	1	1	1	1	1	1	1	1	1	1	2	3	4	5	7	18	17	18	19	20	13	18	15	14	7	7	6	5	4	4	4	4	4	4	4	4	4	4	4	4	4	4	5	6	7	8	10	18	18	18	19	20	20	19	18	18	16	16	4	3	
0	2	1	1	1	1	1	1	1	1	1	1	1	1	2	3	4	5	7	18	17	17	17	18	13	16	12	11	6	5	4	4	4	4	4	4	4	4	4	4	4	4	4	4	4	4	5	6	7	8	10	17	17	17	18	19	19	18	17	17	15	15	4	3	
0	2	1	1	1	1	1	1	1	1	1	1	1	1	2	3	4	5	7	17	16	16	16	16	12	15	11	10	6	5	4	4	4	4	4	4	4	4	4	4	4	4	4	4	4	5	6	7	8	9	12	17	17	17	18	18	18	17	16	16	14	14	4	3	
0	2	1	1	1	1	1	1	1	1	1	1	1	1	2	3	4	5	7	16	15	16	17	18	16	19	17	17	15	15	15	15	15	15	15	15	15	15	15	15	15	15	15	15	15	15	15	15	15	15	16	18	18	17	17	17	17	16	15	15	13	13	4	3	
0	2	1	1	1	1	1	1	1	1	1	1	1	1	2	3	4	5	7	15	14	15	16	17	16	17	15	15	14	14	14	14	14	14	14	14	14	14	14	14	14	14	14	14	14	14	14	14	14	14	15	17	18	17	17	17	17	16	15	15	12	12	4	3	
0	2	2	2	2	2	2	2	2	2	2	2	2	2	3	4	5	6	8	16	17	18	19	20	20	20	18	18	18	18	18	18	18	18	18	18	18	18	18	18	18	18	18	18	18	18	18	18	17	16	16	16	15	12	12	12	12	11	11	13	11	9	3	3	
0	0	0	0	0	0	0	0	0	0	0	0	0	0	0	0	0	0	0	4	4	4	4	4	4	4	3	3	3	3	3	3	3	3	3	3	3	3	3	3	3	3	3	3	3	3	3	3	3	3	4	4	4	3	3	3	3	3	3	4	3	2	0	0	
0	0	0	0	0	0	0	0	0	0	0	0	0	0	0	0	0	0	0	3	3	3	3	3	3	3	3	3	3	3	3	3	3	3	3	3	3	3	3	3	3	3	3	3	3	3	3	3	3	3	3	3	3	2	2	2	2	2	2	3	2	1	0	0	
0	0	0	0	0	0	0	0	0	0	0	0	0	0	0	0	0	0	0	2	2	2	2	2	2	2	2	2	2	2	2	2	2	2	2	2	2	2	2	2	2	2	2	2	2	2	2	2	2	2	2	2	2	1	1	1	1	1	1	2	1	0	0	0	
0	0	0	0	0	0	0	0	0	0	0	0	0	0	0	0	0	0	0	1	1	1	1	1	1	1	1	1	1	1	1	1	1	1	1	1	1	1	1	1	1	1	1	1	1	1	1	1	1	1	1	1	1	0	0	0	0	0	0	1	0	0	0	0	
0	0	0	0	0	0	0	0	0	0	0	0	0	0	0	0	0	0	0	0	0	0	0	0	0	0	0	0	0	0	0	0	0	0	0	0	0	0	0	0	0	0	0	0	0	0	0	0	0	0	0	0	0	0	0	0	0	0	0	0	0	0	0	0	
0	0	0	0	0	0	0	0	0	0	0	0	0	0	0	0	0	0	0	0	0	0	0	0	0	0	0	0	0	0	0	0	0	0	0	0	0	0	0	0	0	0	0	0	0	0	0	0	0	0	0	0	0	0	0	0	0	0	0	0	0	0	0	0	
0	0	0	0	0	0	0	0	0	0	0	0	0	0	0	0	0	0	0	0	0	0	0	0	0	0	0	0	0	0	0	0	0	0	0	0	0	0	0	0	0	0	0	0	0	0	0	0	0	0	0	0	0	0	0	0	0	0	0	0	0	0	0	0	
0	0	0	0	0	0	0	0	0	0	0	0	0	0	0	0	0	0	0	0	0	0	0	0	0	0	0	0	0	0	0	0	0	0	0	0	0	0	0	0	0	0	0	0	0	0	0	0	0	0	0	0	0	0	0	0	0	0	0	0	0	0	0	0	
0	0	0	0	0	0	0	0	0	0	0	0	0	0	0	0	0	0	0	0	0	0	0	0	0	0	0	0	0	0	0	0	0	0	0	0	0	0	0	0	0	0	0	0	0	0	0	0	0	0	0	0	0	0	0	0	0	0	0	0	0	0	0	0	
0	0	0	0	0	0	0	0	0	0	0	0	0	0	0	0	0	0	0	0	0	0	0	0	0	0	0	0	0	0	0	0	0	0	0	0	0	0	0	0	0	0	0	0	0	0	0	0	0	0	0	0	0	0	0	0	0	0	0	0	0	0	0	0	
0	0	0	0	0	0	0	0	0	0	0	0	0	0	0	0	0	0	0	0	0	0	0	0	0	0	0	0	0	0	0	0	0	0	0	0	0	0	0	0	0	0	0	0	0	0	0	0	0	0	0	0	0	0	0	0	0	0	0	0	0	0	0	0	
0	0	0	0	0	0	0	0	0	0	0	0	0	0	0	0	0	0	0	0	0	0	0	0	0	0	0	0	0	0	0	0	0	0	0	0	0	0	0	0	0	0	0	0	0	0	0	0	0	0	0	0	0	0	0	0	0	0	0	0	0	0	0	0	
0	0	0	0	0	0	0	0	0	0	0	0	0	0	0	0	0	0	0	0	0	0	0	0	0	0	0	0	0	0	0	0	0	0	0	0	0	0	0	0	0	0	0	0	0	0	0	0	0	0	0	0	0	0	0	0	0	0	0	0	0	0	0	0	
0	0	0	0	0	0	0	0	0	0	0	0	0	0	0	0	0	0	0	0	0	0	0	0	0	0	0	0	0	0	0	0	0	0	0	0	0	0	0	0	0	0	0	0	0	0	0	0	0	0	0	0	0	0	0	0	0	0	0	0	0	0	0	0	
0	0	0	0	0	0	0	0	0	0	0	0	0	0	0	0	0	0	0	0	0	0	0	0	0	0	0	0	0	0	0	0	0	0	0	0	0	0	0	0	0	0	0	0	0	0	0	0	0	0	0	0	0	0	0	0	0	0	0	0	0	0	0	0	
0	0	0	0	0	0	0	0	0	0	0	0	0	0	0	0	0	0	0	0	0	0	0	0	0	0	0	0	0	0	0	0	0	0	0	0	0	0	0	0	0	0	0	0	0	0	0	0	0	0	0	0	0	0	0	0	0	0	0	0	0	0	0	0	
0	0	0	0	0	0	0	0	0	0	0	0	0	0	0	0	0	0	0	0	0	0	0	0	0	0	0	0	0	0	0	0	0	0	0	0	0	0	0	0	0	0	0	0	0	0	0	0	0	0	0	0	0	0	0	0	0	0	0	0	0	0	0	0	
0	0	0	0	0	0	0	0	0	0	0	0	0	0	0	0	0	0	0	0	0	0	0	0	0	0	0	0	0	0	0	0	0	0	0	0	0	0	0	0	0	0	0	0	0	0	0	0	0	0	0	0	0	0	0	0	0	0	0	0	0	0	0	0	
0	0	0	0	0	0	0	0	0	0	0	0	0	0	0	0	0	0	0	0	0	0	0	0	0	0	0	0	0	0	0	0	0	0	0	0	0	0	0	0	0	0	0	0	0	0	0	0	0	0	0	0	0	0	0	0	0	0	0	0	0	0	0	0	
0	0	0	0	0	0	0	0	0	0	0	0	0	0	0	0	0	0	0	0	0	0	0	0	0	0	0	0	0	0	0	0	0	0	0	0	0	0	0	0	0	0	0	0	0	0	0	0	0	0	0	0	0	0	0	0	0	0	0	0	0	0	0	0	
0	0	0	0	0	0	0	0	0	0	0	0	0	0	0	0	0	0	0	0	0	0	0	0	0	0	0	0	0	0	0	0	0	0	0	0	0	0	0	0	0	0	0	0	0	0	0	0	0	0	0	0	0	0	0	0	0	0	0	0	0	0	0	0	
0	0	0	0	0	0	0	0	0	0	0	0	0	0	0	0	0	0	0	0	0	0	0	0	0	0	0	0	0	0	0	0	0	0	0	0	0	0	0	0	0	0	0	0	0	0	0	0	0	0	0	0	0	0	0	0	0	0	0	0	0	0	0	0	
0	0	0	0	0	0	0	0	0	0	0	0	0	0	0	0	0	0	0	0	0	0	0	0	0	0	0	0	0	0	0	0	0	0	0	0	0	0	0	0	0	0	0	0	0	0	0	0	0	0	0	0	0	0	0	0	0	0	0	0	0	0	0	0	
0	0	0	0	0	0	0	0	0	0	0	0	0	0	0	0	0	0	0	0	0	0	0	0	0	0	0	0	0	0	0	0	0	0	0	0	0	0	0	0	0	0	0	0	0	0	0	0	0	0	0	0	0	0	0	0	0	0	0	0	0	0	0	0	
0	0	0	0	0	0	0	0	0	0	0	0	0	0	0	0	0	0	0	0	0	0	0	0	0	0	0	0	0	0	0	0	0	0	0	0	0	0	0	0	0	0	0	0	0	0	0	0	0	0	0	0	0	0	0	0	0	0	0	0	0	0	0	0	
0	0	0	0	0	0	0	0	0	0	0	0	0	0	0	0	0	0	0	0	0	0	0	0	0	0	0	0	0	0	0	0	0	0	0	0	0	0	0	0	0	0	0	0	0	0	0	0	0	0	0	0	0	0	0	0	0	0	0	0	0	0	0	0	
0	0	0	0	0	0	0	0	0	0	0	0	0	0	0	0	0	0	0	0	0	0	0	0	0	0	0	0	0	0	0	0	0	0	0	0	0	0	0	0	0	0	0	0	0	0	0	0	0	0	0	0	0	0	0	0	0	0	0	0	0	0	0	0	
0	0	0	0	0	0	0	0	0	0	0	0	0	0	0	0	0	0	0	0	0	0	0	0	0	0	0	0	0	0	0	0	0	0	0	0	0	0	0	0	0	0	0	0	0	0	0	0	0	0	0	0	0	0	0	0	0	0	0	0	0	0	0	0	
0	0	0	0	0	0	0	0	0	0	0	0	0	0	0	0	0	0	0	0	0	0	0	0	0	0	0	0	0	0	0	0	0	0	0	0	0	0	0	0	0	0	0	0	0	0	0	0	0	0	0	0	0	0	0	0	0	0	0	0	0	0	0	0	
0	0	0	0	0	0	0	0	0	0	0	0	0	0	0	0	0	0	0	0	0	0	0	0	0	0	0	0	0	0	0	0	0	0	0	0	0	0	0	0	0	0	0	0	0	0	0	0	0	0	0	0	0	0	0	0	0	0	0	0	0	0	0	0	
0	0	0	0	0	0	0	0	0	0	0	0	0	0	0	0	0	0	0	0	0	0	0	0	0	0	0	0	0	0	0	0	0	0	0	0	0	0	0	0	0	0	0	0	0	0	0	0	0	0	0	0	0	0	0	0	0	0	0	0	0	0	0	0	
0	0	0	0	0	0	0	0	0	0	0	0	0	0	0	0	0	0	0	0	0	0	0	0	0	0	0	0	0	0	0	0	0	0	0	0	0	0	0	0	0	0	0	0	0	0	0	0	0	0	0	0	0	0	0	0	0	0	0	0	0	0	0	0	
0	0	0	0	0	0	0	0	0	0	0	0	0	0	0	0	0	0	0	0	0	0	0	0	0	0	0	0	0	0	0	0	0	0	0	0	0	0	0	0	0	0	0	0	0	0	0	0	0	0	0	0	0	0	0	0	0	0	0	0	0	0	0	0	
0	0	0	0	0	0	0	0	0	0	0	0	0	0	0	0	0	0	0	0	0	0	0	0	0	0	0	0	0	0	0	0	0	0	0	0	0	0	0	0	0	0	0	0	0	0	0	0	0	0	0	0	0	0	0	0	0	0	0	0	0	0	0	0	
0	0	0	0	0	0	0	0	0	0	0	0	0	0	0	0	0	0	0	0	0	0	0	0	0	0	0	0	0	0	0	0	0	0	0	0	0	0	0	0	0	0	0	0	0	0	0	0	0	0	0	0	0	0	0	0	0	0	0	0	0	0	0	0	
0	0	0	0	0	0	0	0	0	0	0	0	0	0	0	0	0	0	0	0	0	0	0	0	0	0	0	0	0	0	0	0	0	0	0	0	0	0	0	0	0	0	0	0	0	0	0	0	0	0	0	0	0	0	0	0	0	0	0	0	0	0	0	0	
0	0	0	0	0	0	0	0	0	0	0	0	0	0	0	0	0	0	0	0	0	0	0	0	0	0	0	0	0	0	0	0	0	0	0	0	0	0	0	0	0	0	0	0	0	0	0	0	0	0	0	0	0	0	0	0	0	0	0	0	0	0	0	0	
0	0	0	0	0	0	0	0	0	0	0	0	0	0	0	0	0	0	0	0	0	0	0	0	0	0	0	0	0	0	0	0	0	0	0	0	0	0	0	0	0	0	0	0	0	0	0	0	0	0	0	0	0	0	0	0	0	0	0	0	0	0	0	0	
